365
370
375
380
385
390
395
400
405
410
415
420
655
660
665
670
675
680
685
690
695
700
705
710
715
945
950
955
960
965
970
975
980
985
990
995
1000
1005
1010
1015
1260
1265
1270
1275
1280
1285
1290
1295
1300
1305
1310
1315
1320
1325
1330
1535
1540
1545
1550
1555
1560
1565
1570
1575
1580
1585
1590
1595
1600
1605
1835
1840
1845
1850
1855
1860
1865
1870
1875
1880
1885
1890
1895
1900
1905
1910
1915
2210
2350
2765
2770
2805
2810
4930
4935
5825
8870
8875
8880
8885
8890
8895
8900
8905
8910
9240
9245
9250
9255
9260
9265
9270
9275
9280
9285
9290